Windows Registry Editor Version 5.00

[HKEY_CURRENT_USER\Control Panel\Desktop\WindowMetrics]
"BorderWidth"="-20"
"CaptionFont"=hex:ea,ff,ff,ff,00,00,00,00,00,00,00,00,00,00,00,00,90,01,00,00,\
  00,00,00,00,00,00,00,00,48,00,65,00,6c,00,76,00,65,00,74,00,69,00,63,00,61,\
  00,20,00,57,00,6f,00,72,00,6c,00,64,00,00,00,00,00,00,00,00,00,00,00,00,00,\
  00,00,00,00,00,00,00,00,00,00,00,00,00,00,00,00,00,00,00,00,00,00
"CaptionHeight"="-330"
"CaptionWidth"="-330"
"IconFont"=hex:ea,ff,ff,ff,00,00,00,00,00,00,00,00,00,00,00,00,90,01,00,00,00,\
  00,00,00,00,00,00,00,48,00,65,00,6c,00,76,00,65,00,74,00,69,00,63,00,61,00,\
  20,00,57,00,6f,00,72,00,6c,00,64,00,00,00,00,00,00,00,00,00,00,00,00,00,00,\
  00,00,00,00,00,00,00,00,00,00,00,00,00,00,00,00,00,00,00,00,00
"IconTitleWrap"="-15"
"MenuFont"=hex:ea,ff,ff,ff,00,00,00,00,00,00,00,00,00,00,00,00,90,01,00,00,00,\
  00,00,00,00,00,00,00,48,00,65,00,6c,00,76,00,65,00,74,00,69,00,63,00,61,00,\
  20,00,57,00,6f,00,72,00,6c,00,64,00,00,00,00,00,00,00,00,00,00,00,00,00,00,\
  00,00,00,00,00,00,00,00,00,00,00,00,00,00,00,00,00,00,00,00,00
"MenuHeight"="-285"
"MenuWidth"="-290"
"MessageFont"=hex:ea,ff,ff,ff,00,00,00,00,00,00,00,00,00,00,00,00,90,01,00,00,\
  00,00,00,00,00,00,00,00,48,00,65,00,6c,00,76,00,65,00,74,00,69,00,63,00,61,\
  00,20,00,57,00,6f,00,72,00,6c,00,64,00,00,00,00,00,00,00,00,00,00,00,00,00,\
  00,00,00,00,00,00,00,00,00,00,00,00,00,00,00,00,00,00,00,00,00,00
"ScrollHeight"="-260"
"ScrollWidth"="-260"
"Shell Icon Size"="32"
"SmCaptionFont"=hex:ea,ff,ff,ff,00,00,00,00,00,00,00,00,00,00,00,00,90,01,00,\
  00,00,00,00,00,00,00,00,00,48,00,65,00,6c,00,76,00,65,00,74,00,69,00,63,00,\
  61,00,20,00,57,00,6f,00,72,00,6c,00,64,00,00,00,00,00,00,00,00,00,00,00,00,\
  00,00,00,00,00,00,00,00,00,00,00,00,00,00,00,00,00,00,00,00,00,00,00
"SmCaptionHeight"="-330"
"SmCaptionWidth"="-330"
"StatusFont"=hex:ea,ff,ff,ff,00,00,00,00,00,00,00,00,00,00,00,00,90,01,00,00,\
  00,00,00,00,00,00,00,00,48,00,65,00,6c,00,76,00,65,00,74,00,69,00,63,00,61,\
  00,20,00,57,00,6f,00,72,00,6c,00,64,00,00,00,00,00,00,00,00,00,00,00,00,00,\
  00,00,00,00,00,00,00,00,00,00,00,00,00,00,00,00,00,00,00,00,00,00
"PaddedBorderWidth"="-60"
"AppliedDPI"=dword:00000090
"IconSpacing"="-1125"
"IconVerticalSpacing"="-1125"
"MinAnimate"="1"

